285 247
286 278
291 309
297 339
309 367
328 391
352 411
378 426
404 430
430 423
452 404
471 383
486 359
495 332
501 305
506 277
508 247
307 231
322 219
342 216
362 219
380 226
421 225
439 217
458 215
477 219
491 232
401 250
401 272
402 294
402 317
379 325
390 328
402 332
414 328
424 324
329 252
342 246
357 246
370 257
356 258
341 258
429 258
441 247
455 246
468 253
457 258
442 259
350 346
370 344
390 344
403 346
415 343
433 342
453 341
435 370
416 384
403 387
389 386
369 374
356 349
390 354
403 355
415 353
447 344
416 368
403 370
390 370
