1013 1124
1007 1204
1013 1283
1040 1360
1080 1433
1133 1503
1186 1573
1242 1641
1316 1667
1402 1655
1484 1603
1559 1531
1624 1445
1665 1351
1683 1249
1696 1145
1694 1039
1016 1028
1045 991
1095 981
1146 986
1194 1005
1313 990
1377 955
1447 940
1519 948
1579 981
1253 1081
1253 1152
1251 1222
1249 1291
1197 1316
1231 1332
1269 1343
1313 1327
1353 1311
1076 1102
1113 1078
1159 1075
1200 1105
1157 1114
1111 1115
1362 1088
1406 1051
1453 1044
1500 1060
1463 1081
1413 1088
1159 1401
1193 1387
1241 1382
1282 1392
1329 1381
1405 1384
1484 1393
1416 1476
1344 1514
1293 1519
1247 1512
1200 1475
1180 1408
1242 1410
1283 1417
1331 1411
1468 1398
1338 1464
1289 1468
1245 1458
